64
69
74
62
69
71
74
76
61
57
69
64
76
78
79
72
64
65
67
60
58
74
76
60
76
64
78
72
71
76
69
68
64
68
66
64
64
65
70
72
73
74
81
81
50
73
52
54
78
71
79
69
53
48
50
52
65
70
65
76
59
76
71
74
78
76
80
74
64
66
64
66
70
65
72
69
71
73
78
74
66
54
52
55
78
57
60
79
48
65
53
64
55
53
77
58
78
57
60
74
74
57
59
76
73
75
68
56
74
53
72
77
59
61
62
81
52
74
54
55
78
76
62
59
50
67
57
69
55
57
76
76
79
66
76
55
66
69
59
81
59
75
64
56
58
55
53
77
61
62
66
62
61
54
62
55
67
67
69
66
55
60
60
53
62
60
65
65
69
71
66
67
69
71
69
62
56
66
59
64
69
57
62
64
62
61
71
74
55
66
54
55
62
66
69
67
65
53
52
60
65
60
55
58
59
57
