58
64
69
76
66
69
71
78
74
64
50
69
79
78
67
69
65
67
69
71
70
62
77
69
62
66
78
76
76
61
59
81
73
76
73
52
53
55
74
77
76
80
74
61
74
66
55
50
79
55
79
79
71
48
69
50
76
77
53
72
59
72
78
76
81
74
76
57
73
75
71
52
76
77
77
53
81
80
57
59
74
52
74
73
55
55
57
76
67
48
67
48
74
70
76
69
76
72
74
67
73
74
71
69
66
73
64
63
72
69
70
65
68
76
69
74
71
62
66
61
78
74
72
72
64
67
62
65
65
65
69
67
72
67
74
69
74
78
69
69
71
68
75
63
65
74
77
62
69
73
76
64
50
73
64
67
60
57
76
64
55
65
60
60
72
77
58
76
66
57
69
64
73
74
78
81
64
59
54
57
57
67
64
65
69
71
69
57
50
59
50
57
66
72
76
71
67
53
60
55
64
65
69
57
72
60
57
59
73
74
71
57
57
71
76
68
55
53
70
74
61
73
59
57
54
52
54
67
69
55
60
67
55
72
64
53
65
65
53
76
79
74
76
57
61
62
80
69
63
64
76
64
76
72
57
58
64
68
69
59
64
54
59
71
57
76
78
55
53
55
72
50
58
53
77
53
57
62
59
60
66
68
66
