55
64
70
57
62
73
59
64
64
67
50
54
60
64
79
71
48
71
60
48
74
70
65
76
72
57
79
67
68
69
78
69
52
76
52
64
72
77
76
74
57
78
71
59
74
66
73
62
76
79
59
69
65
67
48
71
77
72
58
65
76
76
72
74
78
74
57
80
71
69
54
73
69
77
70
76
61
57
80
62
71
64
69
54
78
62
60
59
55
72
71
60
58
67
70
55
64
66
60
62
81
69
59
68
64
59
61
63
60
58
62
60
66
64
68
68
55
54
57
52
64
62
60
57
53
55
48
52
62
53
55
55
57
57
57
57
59
59
59
59
54
54
54
54
55
55
55
55
59
59
59
59
52
52
52
52
57
57
57
57
50
50
50
50
55
55
55
55
57
57
57
57
59
59
59
59
54
54
54
54
55
55
55
55
59
59
59
59
52
52
52
52
57
57
57
57
50
50
50
50
55
55
55
55
57
57
57
57
59
59
59
59
54
54
54
54
55
55
55
55
59
59
59
59
52
52
52
52
57
57
57
57
50
50
50
50
55
55
55
55
57
57
57
57
59
59
59
59
54
54
54
54
55
55
55
