64
69
58
70
76
78
73
73
64
64
62
66
69
71
72
74
62
71
69
53
57
60
55
60
64
55
66
59
66
59
61
64
63
52
57
59
65
77
55
57
80
62
64
66
62
71
69
61
69
64
72
76
72
64
53
60
60
76
55
69
67
55
64
72
68
76
71
61
73
75
76
64
55
53
77
72
80
57
81
74
52
54
66
55
57
72
67
55
53
72
62
64
70
65
72
65
59
62
55
67
74
76
66
57
56
68
73
76
55
58
67
72
69
59
57
71
66
67
71
74
69
67
74
67
50
71
64
59
74
65
69
72
76
72
64
78
69
