53
60
62
70
76
80
81
69
64
66
73
67
66
79
67
76
57
55
53
52
72
69
65
55
79
55
72
69
80
76
78
57
54
76
56
52
55
76
58
74
57
59
81
74
66
69
66
67
69
74
72
76
65
69
65
69
65
70
74
65
71
76
72
66
80
78
76
66
63
59
73
61
65
60
62
67
69
73
74
71
69
66
67
67
74
55
79
78
65
50
69
59
53
77
65
69
64
74
78
67
71
68
61
57
69
64
64
68
74
70
72
69
74
73
76
73
69
66
69
66
74
71
74
71
67
64
67
64
72
69
72
69
74
71
74
71
76
73
76
73
71
68
71
68
72
69
72
69
76
73
76
73
69
66
69
66
74
71
74
71
67
64
67
64
72
69
72
69
74
71
74
71
76
73
76
73
71
68
71
68
72
69
72
69
76
73
76
73
69
66
69
66
74
71
74
71
67
64
67
64
72
69
72
69
74
71
74
71
76
73
76
73
71
68
71
68
72
69
72
69
76
73
76
73
69
66
69
66
74
71
74
71
67
64
67
64
72
69
72
69
74
71
74
71
76
73
76
73
71
68
71
68
72
69
72
69
76
73
76
73
69
66
69
66
74
71
74
71
67
64
67
64
72
69
72
69
74
71
74
71
76
73
76
73
71
68
71
68
72
69
72
69
76
73
76
73
69
66
69
66
74
71
74
71
67
64
67
64
72
69
72
69
74
71
74
71
76
73
76
73
71
68
71
68
72
69
72
69
76
73
76
73
69
66
69
66
74
71
74
71
67
64
67
64
72
69
72
69
74
71
74
71
76
73
76
73
71
68
71
68
72
69
72
