60
69
76
77
57
59
71
76
59
73
50
61
67
60
57
59
55
60
71
72
65
77
76
72
76
78
55
79
57
80
78
76
75
69
64
63
65
64
65
62
71
73
68
69
59
62
57
66
72
64
60
67
67
55
52
64
62
74
58
70
74
59
74
72
64
59
61
66
57
63
56
61
65
64
70
62
69
74
73
64
62
59
61
62
60
69
62
66
60
52
53
60
55
67
62
60
67
59
64
67
59
71
69
64
56
52
64
63
55
67
53
57
69
73
81
69
50
52
59
61
78
59
66
69
52
53
60
55
53
55
57
77
60
64
55
78
81
64
61
78
57
75
73
56
55
58
53
55
57
61
64
81
55
52
73
54
76
60
74
72
64
62
55
64
58
62
67
70
76
66
71
67
69
68
80
69
66
73
69
52
55
57
65
64
64
57
74
61
66
69
71
64
72
76
72
74
67
65
67
69
72
76
67
69
74
79
55
78
80
57
57
80
75
54
73
73
53
77
72
55
80
81
59
57
71
73
69
74
72
76
78
76
72
48
67
71
72
77
53
55
72
79
76
78
73
71
74
73
69
66
71
73
65
69
70
67
71
73
69
74
61
71
62
59
79
66
69
55
55
72
60
65
60
67
64
65
74
62
64
67
61
62
59
69
73
59
75
