55
60
67
77
69
68
74
57
54
55
74
66
64
67
74
57
55
59
71
62
53
65
55
69
67
78
71
59
69
81
74
62
59
68
64
64
62
64
62
64
66
64
74
73
67
69
71
73
69
79
71
55
71
72
48
50
76
57
53
77
78
76
55
74
71
81
57
76
75
76
69
75
53
72
70
77
59
78
80
76
50
54
67
74
57
79
78
71
69
67
64
69
69
67
70
72
76
67
69
78
69
74
76
78
68
54
64
75
65
67
69
65
57
73
74
59
50
73
52
74
76
67
66
69
64
65
71
48
76
62
74
64
79
62
67
59
73
66
78
69
63
59
75
69
58
77
62
53
74
69
61
69
64
61
57
66
57
76
59
74
60
65
71
60
53
57
64
67
64
71
67
64
68
71
73
69
68
69
71
73
72
76
67
70
69
74
76
78
66
69
66
71
78
72
74
76
64
67
72
48
77
70
53
76
78
67
69
55
69
68
73
69
64
69
61
57
60
62
58
64
61
62
66
69
57
59
71
73
79
71
74
78
62
65
69
60
69
74
72
67
67
55
78
76
59
57
68
69
66
61
56
52
58
60
76
69
64
62
69
69
69
62
61
74
67
64
76
78
65
62
64
67
64
65
67
60
78
55
67
79
68
71
73
62
73
69
66
56
72
74
62
76
59
69
69
76
74
71
73
61
69
55
59
62
64
65
50
53
67
60
53
76
57
76
66
67
61
76
81
62
52
59
61
64
55
74
60
58
76
68
69
61
73
67
59
62
67
78
74
71
48
50
60
62
70
55
57
74
74
57
64
78
78
81
66
64
63
76
57
76
65
57
65
55
81
66
64
57
62
74
54
57
78
67
66
62
57
60
62
69
64
65
69
60
67
69
67
60
57
69
73
69
61
54
63
59
65
57
53
55
81
62
68
66
52
57
50
54
60
62
64
66
57
60
59
65
62
65
69
72
64
72
66
74
69
68
64
69
57
61
63
59
60
62
58
64
62
64
66
68
54
62
55
61
67
67
66
69
