60
69
58
70
59
61
76
68
50
62
64
59
78
71
79
72
69
53
62
60
57
62
69
70
67
57
55
59
68
64
71
76
64
64
68
76
65
62
76
67
57
64
59
68
62
61
62
64
66
67
64
62
60
71
55
64
58
77
70
74
76
79
64
66
64
69
80
62
63
52
64
56
55
64
58
55
61
81
80
68
52
71
61
54
55
78
66
66
69
71
59
69
64
64
64
64
66
66
66
66
68
68
68
68
63
63
63
63
64
64
64
64
68
68
68
68
61
61
61
61
66
66
66
66
59
59
59
59
64
64
64
64
66
66
66
66
68
68
68
68
63
63
63
63
64
64
64
64
68
68
68
68
61
61
61
61
66
66
66
66
59
59
59
59
64
64
64
64
66
66
66
66
68
68
68
68
63
63
63
63
64
64
64
64
68
68
68
68
61
61
61
61
66
66
66
66
59
59
59
59
64
64
64
64
66
66
66
66
68
68
68
68
63
63
63
63
64
64
64
64
68
68
68
68
61
61
61
61
66
66
66
66
59
59
59
59
64
64
64
64
