69
58
64
69
80
66
69
71
71
74
64
50
74
79
78
67
62
65
67
69
76
70
62
77
71
62
66
78
78
76
61
59
76
73
76
73
53
53
55
74
81
76
80
74
54
74
66
55
55
79
55
79
72
71
48
69
55
76
77
53
74
59
72
78
78
81
74
76
52
73
75
71
53
76
77
77
57
81
80
57
52
74
52
74
78
55
55
57
69
67
48
67
53
74
70
76
71
76
72
74
69
73
74
71
64
66
73
64
64
72
69
70
69
68
76
69
67
71
62
66
66
78
74
72
65
64
67
62
70
65
65
69
69
72
67
74
71
74
78
69
64
71
68
75
64
65
74
77
66
69
73
76
57
50
73
64
72
60
57
76
57
55
65
60
65
72
77
58
78
66
57
69
66
73
74
78
76
64
59
54
58
57
67
64
69
69
71
69
50
50
59
50
62
66
72
76
64
67
53
60
60
64
65
69
59
72
60
57
61
73
74
71
52
57
71
76
69
55
53
70
78
61
73
59
50
54
52
54
72
69
55
60
60
55
72
64
58
65
65
53
78
79
74
76
59
61
62
80
64
63
64
76
65
76
72
57
62
64
68
69
52
64
54
59
76
57
76
78
48
53
55
72
55
58
53
77
55
57
62
59
62
66
68
66
